27710
5964
21372
3787
5374
21483
26984
6109
11463
1744
18602
5166
10441
13201
7238
22994
2133
27336
2807
11180
8791
5957
29739
17398
13494
25678
28223
21504
7687
29375
15056
22559
102
28296
6379
22893
7700
8375
8890
1665
9943
28790
7668
2537
16951
29315
16736
189
3614
22716
18910
5068
17601
27549
20745
17275
23484
3731
9893
3407
21019
13353
17658
767
24709
10128
24899
17700
17168
14112
11066
28783
9896
29571
28040
26027
26072
28345
25473
17892
29128
12887
3466
25623
315
27213
1177
17743
2313
28064
4540
2017
19135
7529
27070
28134
18819
7140
16746
25676
5713
29271
15347
12336
7052
19094
19071
14537
20439
9646
20592
6028
18470
8613
19057
16291
19761
9884
27899
29316
29560
12512
17166
18305
8853
13643
26331
7320
28361
27668
27221
7946
21821
8254
10193
26690
11182
18667
8092
15051
5013
26675
15551
22248
1606
26448
12188
20613
3960
6366
11142
3387
4762
5600
4014
4194
15116
17979
6372
27342
27707
13618
2456
2079
4575
26583
14575
13150
5441
10934
22915
2104
18908
1301
10285
22192
29019
7092
29235
5280
10157
7730
9818
9611
22062
25116
28249
7287
3292
3647
20266
17160
1331
27347
28365
25106
5660
6389
8486
9531
24308
158
3670
15455
5026
28298
27752
21672
3041
7029
14726
13228
11558
7043
14347
9248
21153
17691
20561
25817
5634
28638
14984
23240
27752
6812
14661
25287
4961
17445
29892
17381
18768
3798
28286
19625
23644
4565
26200
28849
976
2115
9953
7730
20170
1672
3514
3914
11085
12031
12710
155
2182
24194
27313
936
5198
5140
11176
13647
12105
22228
2302
20482
1647
10144
15471
23829
5207
29477
21075
15518
2961
24243
21220
4350
967
12248
17852
20570
12976
7829
2819
12070
12383
13410
9670
14231
15315
3017
20470
23869
10832
21777
7613
15273
28411
1553
22614
20109
29599
2734
8610
22653
567
26337
8724
9054
384
912
8600
22692
27332
22767
26036
17742
12491
295
4624
16140
14302
10334
9064
21499
21464
5780
15253
15733
1578
318
19149
7224
9201
6498
5403
28662
5415
6217
5385
5897
27103
8105
28295
4341
18915
8054
22003
19258
15754
20510
11081
26974
15813
590
6955
17124
8190
15846
14975
9363
13501
22559
24427
2363
19957
13168
16577
1793
20078
25399
6851
28724
24111
12844
13179
23421
18863
27923
13262
18875
10262
16388
5609
5272
23824
5694
28672
12498
19784
5906
10501
16108
25540
1028
913
451
19406
26124
27925
22872
2395
3553
11125
27772
29685
13823
390
4738
18666
11846
9434
28624
5308
19115
23811
26969
28581
740
26676
21950
11091
23201
16414
23428
26251
9011
17330
15949
11308
18169
29285
21613
3187
21909
10160
12285
1563
17163
22638
3921
2221
28436
2334
26258
28873
29957
3228
23564
19058
4163
27772
20719
15768
4794
11245
19202
10714
25857
13650
10585
25783
10519
1959
19905
20141
16946
655
26724
25241
14178
26778
2025
10201
24327
4317
20999
2310
11683
25907
18613
16131
4966
19048
16695
14578
1481
23711
1376
27827
25062
2577
22868
23888
21719
25737
11440
27037
7090
16428
6300
13311
11606
23011
25572
5973
15449
16916
14140
5356
258
28258
24308
17507
23100
5425
15531
6885
2770
18628
5389
6136
8492
7181
28800
20476
28462
23786
20548
18986
21514
1186
9282
10064
11897
1547
18768
25317
5207
13807
24316
1347
28286
25605
10379
3418
26385
27351
6635
15935
25788
23721
767
6934
15449
16465
1823
19473
4391
28981
28602
5700
13281
27853
18244
29067
7151
13678
14749
14140
18964
15
28991
24962
18704
18787
28755
6714
3979
28936
26021
27271
20143
1153
7302
11785
21261
1712
8318
29216
19268
14628
7595
330
9576
28188
21574
21639
19421
25944
17734
7213
22098
15273
4273
29918
13159
7883
27032
26310
21738
27928
15664
11043
21784
767
12326
2363
389
25303
15438
19328
11770
14730
29236
21023
24384
20293
16223
9518
29155
4113
8630
14413
26169
26706
26379
27650
3812
4677
7504
19588
5895
15216
23562
7620
14523
2623
4825
15880
13770
22526
26082
20400
7952
14391
27760
15825
26656
19378
1369
3238
5526
9826
24103
6386
2502
6859
4471
11004
17147
10449
2096
8828
13027
23323
27039
6184
9581
2456
3823
18710
10097
13236
26267
29736
17702
19596
27
12925
21501
10822
23895
9433
3624
1709
169
28953
12672
20678
13799
1341
22677
5903
12158
29640
22915
5712
19517
7195
11062
26197
8420
13249
29080
8243
11878
5026
29802
12909
6740
26466
21483
20420
28556
12022
9257
1351
14464
19127
22416
15244
6868
23963
11349
3971
23207
173
13141
8741
22373
25868
24673
10187
4428
17074
23283
26061
11018
1738
6102
16226
4311
18696
7698
19261
9143
14933
17479
26992
3003
19213
7437
12807
5503
22065
19547
23412
8523
6308
14008
5925
3629
12796
26966
23008
29354
29344
18924
15467
19650
18578
7292
29492
19080
50
2273
3811
965
1723
3735
19034
13484
2743
13870
16239
23131
20388
5431
4601
14722
9977
19568
29957
23611
28413
1207
1720
14558
6964
9127
20934
11837
14732
5685
15950
22495
10101
8146
17137
604
23409
21162
9954
14724
4870
21955
1993
27970
24333
20795
8623
26503
5967
21136
18788
8321
15383
17457
10224
11224
12576
6593
1855
2850
1298
6849
26265
21305
25577
12367
22966
23206
28697
21647
16016
18199
23004
14426
18894
5241
26797
9719
22239
19863
26767
7959
3474
15998
11220
10134
27871
2253
6433
18798
9338
24726
11581
8092
24676
29796
16906
18934
16210
21296
12766
9505
23050
2895
12830
20171
20086
19877
21753
19091
19241
11171
12488
6357
3163
11383
25332
27682
2841
25619
24259
25434
21484
16964
22903
5041
25445
16735
28157
18768
24088
18566
7885
14484
20091
6978
15638
20597
19080
12751
7637
16610
873
6414
14959
24003
24964
23082
26357
12182
20643
7827
5421
12300
13680
20178
23034
12849
29158
9929
7047
16591
12792
4920
1013
21484
27608
29393
25037
14784
18106
5065
14335
12539
1442
4389
24035
9107
15542
24918
3906
29767
27710
18366
1162
4339
21744
24989
7479
8430
14583
5466
14773
5685
14380
4845
28520
26880
28184
4133
19577
1790
25921
1169
21508
11734
28671
9291
19977
10748
6481
2175
17393
26600
553
18536
26423
26148
9646
1341
9559
23632
14856
20370
24163
8637
29589
25771
5256
14541
29948
13449
16453
785
13884
24762
12715
4581
14290
29086
29060
13435
11313
24674
28216
195
24658
2857
14161
803
17158
23064
29147
26227
19358
16948
28188
7219
21113
9429
24609
12608
4667
25827
1070
28615
26358
4917
17870
26323
18522
28708
18086
17997
3291
27354
29403
28371
29299
21487
17742
18095
23782
15983
15507
20632
7665
23794
29668
16830
20234
20227
12766
20005
2828
25255
24922
11612
17922
28066
27280
25364
15923
19595
14340
7049
17259
2842
21085
20270
15720
18585
24292
28348
13698
4399
29616
1696
24212
23302
21311
3918
1993
9911
11686
5877
25358
24341
1327
2921
16757
9257
6623
14965
4284
17126
20287
9652
23307
28072
12787
2020
15375
3849
502
11003
18774
696
29407
21960
29490
1737
7725
17754
22608
25497
9594
5791
14605
20092
16991
18883
23972
29704
18109
22674
25741
20568
18509
14048
22022
7200
6853
12138
1837
6697
26587
4013
16790
17694
3995
17279
22702
28733
10455
1897
25135
8677
3700
20209
4495
9489
4254
17164
7978
2163
18986
23267
1884
19256
12455
28317
1658
8217
20675
18632
28161
4639
19045
13027
943
8132
22378
16990
18114
18318
6239
6485
14144
26054
14569
12152
29120
18480
18341
1577
22060
2943
22883
27691
16090
14628
9594
10984
14445
17058
20654
23116
27125
27659
12320
22242
27793
23038
12724
24813
22490
9638
311
18263
6133
7920
19391
27837
8394
18046
16491
12362
552
10944
27714
10027
13369
17039
7286
14369
1484
28149
28116
7959
1432
10090
4013
28412
8197
13160
29168
7193
383
3737
11463
13163
25148
1292
8439
20762
23566
28170
6595
7887
24707
573
4120
19285
19561
5846
12010
14488
17670
13685
9955
28740
8290
2367
12628
4896
9480
20839
28685
10336
28793
14491
13624
11148
28016
29621
849
13685
9038
17315
18136
18433
9269
23327
841
12179
8319
23616
26088
28294
1093
29010
14592
26804
11602
18953
25579
3884
21402
25904
1025
28370
21677
4807
2864
1309
20900
17016
13608
1977
29467
26663
7768
24306
14863
20536
4201
28216
4890
16682
27077
7546
4273
5125
22136
831
306
20045
5113
11830
6926
3902
12368
18746
16244
20358
8840
29639
16799
13719
29489
1008
4095
5111
8206
26037
14870
27304
21860
16675
3052
29905
26802
26870
4159
5299
26628
23626
9347
10177
4486
19179
16771
3528
22037
24441
6266
10354
15781
3837
27113
24868
17580
5428
13036
29380
3378
28192
11112
21330
26362
19124
23550
23386
19242
1531
21173
6574
1577
14317
4607
18484
274
12113
28728
8164
28215
12689
3700
14940
18389
6222
27891
1636
25100
14550
24721
914
24555
24677
25801
26192
26200
28954
10582
26408
8686
3050
1290
26454
593
285841