10060
19581
25118
17535
25600
25012
9642
29493
15724
10394
23571
1757
16595
3972
6181
5188
13024
26869
26981
10040
17278
15205
24918
28919
11700
3929
1149
8903
13104
17123
8657
1255
27374
15807
27283
14902
20597
26184
27215
19783
29377
6594
22081
7321
2619
16890
9128
12464
11876
5723
29110
10575
13285
19090
18777
13192
24458
14996
21704
1242
28176
19009
12491
22431
11445
16480
3089
14827
21318
12687
5719
8596
18311
13151
13789
28051
27609
21587
16615
1839
10836
19815
24113
24556
9760
9481
7676
12224
10945
15664
27420
428
24237
22653
1520
14648
1195
27254
23167
14699
12787
13620
19722
15914
10895
17175
22326
1287
25173
28017
23759
28152
16298
2598
29366
23992
9714
6818
7458
9305
24531
18293
2639
4864
28741
19677
9548
18506
3303
7167
18361
28640
23895
20186
11140
8685
26265
9309
19451
13719
7295
26981
8579
17883
29239
21721
24102
28461
11594
22276
24790
21141
20586
25869
28324
14606
5602
15667
2201
7263
23875
11604
625
4109
6809
21030
19101
329
29124
5587
71
2538
29447
10290
15390
1440
6230
11864
27064
1902
20230
28921
19425
1076
3601
11272
14371
12115
20010
21234
23515
3945
15617
25291
3278
19871
8788
7607
3230
24613
8880
19048
9276
21134
8705
11163
22320
3173
4522
27095
6831
20960
29954
29201
17268
29510
12232
5506
2878
13398
27962
21410
20731
3500
16349
2850
15614
20723
22227
7797
6890
23746
1174
18811
11003
9136
5151
4475
28044
21473
26500
3669
3862
23303
11354
7206
15042
12792
4266
3966
8490
4650
2608
13721
15659
6526
27188
16542
5820
14651
14980
7382
14631
22337
19222
27593
13034
14370
25567
20744
28573
16839
3179
6670
7117
23426
23432
15063
4450
25866
194
20540
16622
17868
21949
15563
7427
12444
27017
20953
20095
4659
22690
27987
20306
4487
8727
18547
22773
26363
13173
18941
449
12115
22833
28748
18231
11637
17754
23589
13137
14958
5954
28644
17177
7327
15535
7310
19442
23131
7337
24758
22719
16516
7099
81
16508
10871
8773
12297
16448
3587
17305
8396
12109
9231
10720
5113
2795
24676
4278
27095
10564
9689
6624
770
15187
11604
2118
4956
4744
18136
7180
28571
16124
26625
25852
23139
5975
21572
8638
14030
28197
11537
22979
1665
5393
21848
29778
22212
5511
4339
23991
19017
25050
4232
9316
14932
8762
18270
10189
4784
21870
16428
723
1058
15775
8327
26240
21544
18274
15549
2791
29413
14010
5161
193
28870
22620
13954
19999
1603
6454
14426
3947
24036
20706
26092
25166
18873
22706
26008
21723
29716
15293
5312
5745
9471
20004
20608
11380
19891
7209
71
28969
18306
111
25330
22912
470
714
17541
25562
29741
11089
11685
6809
15513
14044
616
27778
2541
26527
20334
16833
7984
6937
414
10694
29019
12787
27829
20252
5005
29068
5750
14223
22374
20815
2659
22895
16727
6011
6130
28037
13562
8657
2623
13626
26629
6780
25629
29545
13769
7204
1498
24724
23127
7671
12625
18069
765
24391
8093
1838
18024
3474
8905
19993
15429
12997
103
19367
7385
10838
28044
19602
23536
9396
3177
21518
6543
5776
4045
756
22103
27836
26756
9716
2412
27424
2612
8803
17110
28175
6643
1795
18048
1153
22724
19138
9602
12921
27917
760
11380
29262
16671
9768
28534
23697
14937
3229
27764
3584
1415
23374
18875
10525
23117
14957
18235
2386
10951
914
22857
5107
29166
24070
24357
23447
26520
9286
764
1542
2480
21723
5494
11320
27983
4689
2826
3480
11497
11246
7980
3699
432
10601
25772
997
11694
4782
26708
25240
22971
24992
2813
4960
13185
17788
20020
7843
5294
12214
9556
22100
6891
26798
8515
4692
326
18891
17896
26372
22434
21382
11166
3726
5444
22046
5508
27918
17252
22389
28751
17686
12252
24337
8588
26288
425
29229
22402
10876
23692
10482
11797
20301
26877
27488
21868
5692
18434
20632
25298
24769
16104
11256
2032
3983
1753
27945
19122
15185
2118
22113
1868
11386
7152
13749
19388
24568
1547
20564
24033
16635
20377
19727
5395
5593
343
15640
4937
9977
5744
19876
29896
13381
9439
25422
21607
2706
9011
20393
11054
25911
15569
13322
29353
6713
4395
16771
27033
4952
28961
22834
15482
18456
380
9792
18461
20080
14492
13355
7295
16267
10862
25327
28684
3566
29083
11678
22846
21061
24397
21589
3623
26440
22057
20722
5246
19783
20964
23504
2292
24730
19061
29106
15228
29510
9770
10411
20523
27994
9564
948
7131
14357
13314
13782
20479
97
20647
11857
9589
16139
7370
16499
21223
13912
28775
15150
17601
14312
17508
23392
28940
810
2776
5615
3563
27729
23673
27288
11131
11649
27206
16449
17681
3829
25718
14549
9606
25746
26242
270
2960
14255
11383
25387
17225
22501
12966
28075
21349
2217
20907
10111
19159
10329
28556
9819
4989
14202
27558
64
14237
885
5621
2612
2340
5430
14618
19456
7212
29106
5238
8048
2306
23334
23539
6894
4143
16124
15807
6077
4318
18444
22653
18766
21450
13143
15421
10756
25719
28926
1536
11726
23425
8266
13438
3231
28730
28249
19570
4697
522
5175
485
20991
16566
24258
1613
26921
22732
7061
4805
22344
6834
521
15493
22000
3922
22967
9617
16250
16720
14804
15401
9704
9110
25204
22885
16805
18540
4236
28905
25477
7569
3992
22008
18806
1335
19491
16630
17200
5124
2035
27205
7597
18250
17796
13654
11967
724
6735
23867
14053
20756
16392
17889
10614
27660
16760
16443
6096
29104
29761
17385
13079
6633
13586
27569
18752
18263
18024
13956
23286
2834
1236
25990
27433
17953
8754
17254
15102
13100
26034
11462
4017
19903
3892
7370
14840
24148
1398
15049
24809
8841
24840
16559
11841
18665
3669
21851
6299
25504
8178
9432
18675
5572
10777
9005
339
14121
6121
24740
11670
10947
26946
22235
248
16527
749
24616
27141
14476
26151
12964
3685
20862
5838
1482
22379
13898
7141
16707
11889
16665
24346
17262
10394
17058
7006
3813
860
4372
26442
2978
5955
28130
8035
10576
1191
13717
5907
7749
8687
1395
17519
4950
28233
19005
17744
20017
16878
14367
1633
6037
14842
11021
18760
16509
12888
2131
3128
12914
1357
618
9971
27818
20351
949
14603
28100
27170
6263
12932
10233
19437
23090
27392
15763
28381
11704
21552
15758
1953
8174
24076
11114
21383
23977
6725
819
7004
12448
13263
8380
16978
28727
14071
1907
5562
4928
24279
601
23073
14934
28811
28849
6872
17219
22990
128
7752
3026
9278
16205
16556
23165
19758
10406
24896
2782
6247
5045
21532
5972
4748
8799
27393
26723
22825
3825
24359
10688
12872
23792
19456
29480
12079
953
29036
5510
14091
29338
26344
14710
5194
19297
17876
6500
2257
9135
8196
22888
20274
29621
13292
23569
524
10199
11884
18585
22268
13596
29771
28945
27953
2964
21571
4306
16528
18173
17507
17269
1567
22000
1514
17043
26946
25883
27856
3924
28823
20047
14738
26282
27465
12535
14301
12024
3274
263
21647
5271
15704
29304
8385
22715
28561
20442
7215
23426
3508
9029
19470
12661
16974
1976
2854
25517
5689
15441
26176
20381
29755
11288
23920
13568
9001
2768
1668
11876
4164
19434
21975
13986
23980
12134
18514
24333
5221
16284
14856
7689
28289
29230
1041
28614
21612
7796
25531
1046
2463
19964
17102
194
12490
18733
3558
9367
6464
13478
16720
11382
29585
18643
19935
5612
9742
13816
15625
8181
23097
7985
10806
14037
11258
5045
17026
25102
15875
978
274
11301
18718
3829
29794
21472
21612
4530
7604
5463
9788
701
24382
2668
9032
6610
1463
17507
2257
29462
28501
5503
6892
4814
12404
15062
20390
21823
23797
21783
4559
9894
16822
20439
29066
25929
18057
13670
29931
17077
26184
2394
10957
10101
17775
14933
2942
25787
10205
24013
9236
27898
21488
28088
1246
3868
23034
5991
29069
26050
29168
1221
29066
18319
5756
9946
1194
17397
7245
6572
19239
15559
29961
18945
14227
23591
13963
20191
8354
22967
12031
2439
24006
27225
29784
12404
16110
14444
2024
1495
28171
20845
6153
24833
160
19291
6746
28389
16305
16362
29732
967
20468
18344
5685
26123
28959
21920
25482
17904
25151
12426
25763
22969
24906
28548
6706
4767
15336
12244
12273
3217
22357
28008
8251
26973
11520
10426
15437
6070
12706
20406
13519
28653
15065
478
17253
17684
76
12659
3698
973
17164
22898
27027
26102
17098
27575
14820
16387
15022
27656
11792
11515
5593
22542
14102
6670
9213
17640
3675
281
11736
29823
16513
21480
28564
5963
12585
2725
1365
2138
21417
3447
478
21968
15024
25942
5838
2177
26400
26281
27183
20701
26785
9884
26664
12487
26597
29510
4640
24733
6967
8474
8914
11712
10565
15967
7765
6333
10855
10731
12509
11163
12137
5804
22343
29379
16197
18098
1949
197
16416
15573
14356
22804
2707
14232
20606
10883
3211
7508
23140
13161
11823
21377
14490
3778
27949
22254
10760
13133
23821
15557
29730
21732
13227
11328
15374
8020
4487
6051
18095
908
10972
4929
16783
15836
27264
16574
21778
20882
17085
12798
25292
18538
11942
6310
22353
3344
2505
27434
28849
17386
28815
7327
14958
1439
18496
21493
24816
1139
6963
9569
5645
26955
5234
18537
7639
27952
15564
13193
24224
8855
6848
3843
15215
6558
12628
9819
25972
7015
9961
2921
18203
6267
18312
18363
6853
10187
19093
20161
26669
23603
15837
26302
29004
24319
19158
27652
22943
23477
15281
21909
5159
16270
496
77
27014
4174
21434
9989
28147
25295
16121
24151
24611
22223
14890
27289
8356
28979
11153
901
26116
21316
8222
25284
17255
29913
12307
28591
8243
19219
5314
19276
16995
13043
8191
8542
14217
23862
9095
15600
6799
3029
18779
274523