10060
5374
21483
15724
10394
26984
1757
6181
5188
10441
7238
22994
13024
26869
26981
10040
2807
8791
5957
29739
17398
1149
8903
13494
17123
8657
21504
27374
22559
102
28296
6379
22893
7700
20597
8375
26184
8890
1665
9943
19783
29377
22081
16951
29315
2619
16890
9128
12464
16736
29110
189
3614
13285
5068
17601
27549
23484
24458
14996
1242
21019
17658
12491
767
11445
16480
17700
3089
17168
12687
11066
8596
9896
13789
26027
28345
21587
25473
3466
1839
25623
19815
315
1177
24113
17743
28064
9481
7676
12224
10945
15664
24237
22653
1520
2017
14648
27254
7140
25676
23167
14699
19722
15914
12336
1287
25173
28017
28152
16298
19094
19071
23992
9305
24531
9646
20592
4864
9548
18506
6028
3303
18361
28640
8613
19057
16291
19761
9884
27899
29560
11140
8685
9309
17166
18305
13719
26981
8853
8579
7320
17883
27221
7946
28461
11594
26690
11182
18667
15051
21141
5013
26675
25869
22248
1606
5602
26448
2201
20613
11604
4109
6809
21030
6366
11142
19101
329
5600
4014
15116
29447
6372
10290
27342
27707
1440
6230
11864
14575
27064
1902
20230
1301
22192
11272
7092
14371
29235
21234
23515
3945
10157
7730
9818
9611
22062
3278
19871
25116
28249
7287
17160
1331
28365
25106
5660
6389
9531
158
3670
15455
21134
11163
22320
27752
21672
4522
7029
13228
29954
17268
29510
12232
5506
7043
13398
17691
27962
21410
25817
5634
16349
14984
6812
1174
9136
4961
4475
28044
21473
17381
18768
23644
4565
23303
11354
28849
2115
7730
20170
3966
4650
1672
13721
12031
27188
16542
155
2182
5820
14651
14980
22337
27313
19222
27593
20744
28573
936
5140
6670
23426
20482
1647
10144
20540
16622
17868
5207
15563
29477
15518
12444
27017
2961
21220
20095
4350
12248
20306
4487
7829
8727
2819
12070
13410
13173
18941
9670
22833
18231
3017
11637
20470
23869
10832
21777
14958
28411
7327
29599
8610
7310
19442
567
26337
7337
8600
16516
22692
27332
22767
26036
7099
81
12491
295
8773
12297
8396
21464
10720
5113
15253
15733
27095
10564
9689
6624
318
15187
19149
7224
4956
4744
18136
9201
28571
26625
5403
25852
5415
6217
21572
27103
28295
4341
18915
8054
11537
22003
19258
15754
5393
11081
21848
15813
29778
22212
4339
6955
17124
23991
8190
19017
4232
15846
13501
4784
21870
16428
1058
15775
8327
21544
15549
2363
20078
5161
193
6851
28724
28870
22620
13954
19999
12844
13179
1603
27923
13262
24036
18875
10262
16388
5272
26092
5694
28672
12498
22706
5906
10501
26124
27925
7209
22872
2395
28969
3553
18306
29685
13823
22912
390
470
714
29741
6809
9434
15513
26969
28581
740
26527
20334
16833
23201
23428
26251
6937
9011
10694
29019
15949
27829
5005
18169
3187
22374
2659
10160
12285
22638
2221
28436
26258
6130
28873
13562
19058
13626
26629
6780
4163
7204
1498
11245
23127
10585
18069
19905
20141
14178
2025
3474
24327
20999
11683
25907
12997
19367
23711
1376
21518
27827
5776
756
22103
27836
2577
26756
22868
23888
21719
7090
9716
16428
2412
17110
28175
18048
19138
25572
15449
29262
16916
9768
28534
23697
3229
27764
3584
1415
28258
24308
18875
14957
18235
2386
5425
22857
5107
29166
18628
6136
8492
7181
28800
28462
23786
9286
764
1542
2480
5494
18986
27983
21514
2826
11246
10064
7980
1547
25317
5207
13807
432
24316
25772
997
11694
26708
22971
4960
1347
17788
20020
28286
25605
5294
12214
9556
6635
22100
15935
6891
8515
6934
18891
15449
19473
17896
26372
22434
21382
4391
11166
28602
5700
22046
13281
27853
18244
7151
28751
13678
12252
18964
28991
18704
8588
18787
425
22402
28755
23692
6714
28936
26021
27271
20143
1153
26877
21868
8318
14628
7595
330
9576
21574
20632
21639
24769
16104
2032
15273
27945
7883
11386
21738
27928
13749
19388
11043
24568
1547
20564
24033
21784
20377
2363
19727
389
25303
19328
5593
29236
21023
24384
343
16223
5744
9518
29155
13381
14413
26169
20393
26706
25911
26379
13322
29353
6713
4395
27033
4677
7504
15216
23562
7620
4825
15880
18456
18461
20080
13355
16267
7952
14391
27760
3566
1369
29083
11678
21061
24397
22057
20722
9826
5246
24103
19783
6386
23504
6859
4471
11004
17147
10449
9770
10411
8828
9564
948
7131
14357
20479
9581
11857
18710
10097
13236
16139
26267
29736
16499
12925
15150
21501
17601
28940
23895
810
9433
3624
169
28953
12672
20678
5615
13799
22677
5903
27288
29640
27206
5712
19517
3829
26242
13249
8243
11878
22501
29802
12909
6740
20420
28075
21349
14464
28556
15244
6868
11349
3971
23207
885
8741
22373
2340
5430
25868
14618
24673
4428
17074
23283
29106
1738
6102
16226
4311
7698
19261
8048
14933
3003
7437
6077
4318
5503
18444
22653
19547
23412
21450
6308
14008
10756
3629
12796
1536
26966
23008
3231
28730
522
2273
3811
5175
485
1723
20991
3735
2743
16566
24258
1613
13870
16239
22732
23131
5431
521
29957
23611
22967
9617
16250
14804
1720
25204
14558
9127
20934
11837
18540
28905
25477
14732
1335
16630
2035
7597
8146
604
13654
23409
11967
724
14724
4870
21955
6735
23867
1993
27970
20795
17889
10614
27660
16760
16443
29761
13079
21136
18788
8321
17457
10224
1855
2850
6849
18752
26265
18024
13956
23286
2834
12367
22966
25990
15102
26034
16016
14426
18894
11462
4017
26797
7370
14840
24148
1398
15049
8841
24840
7959
16559
15998
21851
11220
8178
10134
27871
2253
5572
10777
9005
339
14121
9338
24726
11581
24676
6121
24740
11670
18934
26946
21296
16527
12766
9505
749
27141
14476
12830
20862
5838
1482
19877
21753
13898
7141
16707
19091
19241
16665
24346
17262
10394
17058
7006
3163
2841
24259
25434
5041
28130
28157
18768
24088
1191
14484
20091
8687
15638
1395
16878
7637
14842
6414
11021
18760
16509
12888
3128
24003
27818
20351
23082
26357
14603
27170
6263
12300
13680
23034
12932
29158
10233
28381
1013
8174
27608
29393
24076
23977
14784
6725
7004
12448
5065
16978
14335
1907
12539
1442
4389
24035
4928
24918
28811
28849
3906
22990
21744
24989
7752
8430
3026
14583
5466
16556
4845
28520
26880
10406
24896
4133
19577
5045
25921
5972
8799
27393
26723
22825
12872
23792
29480
19977
953
17393
26600
26344
14710
26423
26148
19297
9646
2257
14856
24163
9135
8196
25771
14541
20274
16453
13292
10199
4581
11884
13435
13596
28216
28945
195
27953
24658
2857
14161
803
16528
17507
23064
29147
1567
26227
19358
1514
17043
26946
25883
27856
9429
24609
27465
3274
1070
18086
15704
22715
3291
27354
29403
28561
28371
7215
23426
29299
12661
17742
1976
18095
15983
15507
2854
20632
25517
7665
5689
20381
29755
11288
16830
23920
13568
9001
12766
20005
2768
25255
11876
4164
11612
17922
21975
23980
12134
28066
18514
25364
24333
5221
14340
7689
1041
7049
17259
2842
20270
15720
18585
6464
28348
4399
1696
29585
18643
24212
5612
15625
23097
7985
14037
25102
3829
29794
1327
21612
4530
7604
5463
701
24382
2668
6623
14965
1463
17507
2257
17126
9652
29462
5503
12787
4814
2020
12404
3849
15062
23797
4559
29407
21960
29066
25929
1737
7725
2394
10957
17754
10101
22608
9594
14933
14605
2942
20092
10205
23972
29704
25741
28088
20568
14048
1246
22022
6853
1837
26050
6697
29168
26587
4013
17694
18319
3995
17279
22702
28733
7245
6572
15559
29961
14227
25135
8677
20209
9489
20191
4254
17164
2163
22967
2439
24006
29784
2024
28171
20845
24833
1658
29732
967
18344
5685
28959
18632
28161
21920
25482
17904
4639
19045
25763
13027
22969
28548
6706
4767
15336
12244
22378
16990
18318
3217
14144
26054
22357
28008
8251
18341
11520
1577
22060
27691
14628
9594
20406
28653
478
17058
20654
27125
76
12320
27793
17164
22898
12724
27027
26102
22490
9638
311
17098
19391
27575
15022
27656
8394
18046
5593
22542
14102
12362
552
10027
13369
17640
1484
28116
7959
1432
10090
21480
28412
8197
3737
13163
25148
8439
23566
28170
2138
7887
24707
573
19285
3447
478
14488
9955
5838
2177
28740
27183
20701
12628
4896
9884
20839
28685
28793
14491
12487
26597
29510
28016
24733
6967
849
8474
13685
9038
17315
7765
6333
841
12179
10855
8319
23616
28294
10731
11163
26804
18953
22343
29379
25579
3884
25904
28370
197
4807
22804
29467
20606
10883
14863
23140
13161
20536
11823
21377
14490
22254
16682
10760
27077
4273
5125
15557
29730
21732
22136
306
13227
11830
15374
6926
4487
12368
6051
20358
29639
16799
908
10972
13719
16783
29489
1008
5111
21778
26037
14870
20882
6310
21860
3344
16675
28849
29905
26802
17386
28815
7327
14958
1439
26628
24816
1139
4486
9569
5645
3528
5234
6266
7639
10354
15564
13193
15781
3837
24224
8855
3843
15215
5428
13036
29380
9819
9961
18203
28192
6853
11112
21330
26362
19124
19093
20161
26669
23550
15837
29004
27652
23477
15281
21909
496
21173
77
14317
27014
21434
28147
16121
18484
274
24151
14890
12113
27289
28215
26116
3700
25284
27891
28591
25100
14550
5314
16995
24677
25801
8191
26192
28954
8542
26408
14217
9095
3029
593
144656
229980
201896
83781
24926
297048
192310
212058
284632
276912
184833
258387
183447
88576
195975
173901
169991
166345
36166
30928
132183
73716
96977
207658
97309
62319
126591
256122
82780
146
271538
54284
73188
154663
275758
141912
92074
89142
202841
9657
288798
131136
219832
257203
1200
120663
146419
264303
207664
49800
199030
204727
205885
135618
18424
192272
12890
275341
137864
252701
85431
188386
151604
68916
135598
217713
286596
186797
219302
108710
248895
256713
194969
189825
174742
93786
130081
158870
162684
53146
268610
213951
256709
25460
257251
216633
116134
151053
259262
9055
278289
199209
2534
269743
51109
67108
122078
136988
102991
149740
24895
78485
217100
32126
159729
196151
296360
158439
156662
154959
223057
187850
181671
263859
120610
233274
188352
31187
205391
14744
186289
206611
26771
237554
103093
222789
15689
254447
194799
48726
191120
156359
141330
244219
156130
226987
248956
181328
6702
68298
201787
149833
256422
241246
147945
24315
224110
73069
39227
250964
34951
245985
202273
131584
204386
24210
47436
295443
76502
235582
30775
205780
269917
49320
18876
180217
274861
233635
20324
283850
251326
47763
145596
9505
252507
3620
57071
3188
263566
107011
204791
45351
154986
16598
44914
63054
221172
145344
45727
51530
224111
259324
198246
251909
229388
117023
65368
96686
276638
299115
288742
143798
186797
48374
144193
23530
185461
230392
283363
55802
128495
212408
16527
115408
2176
72442
91940
136882
163568
12711
286014
6889
161382
110991
120072
132130
189723
145841
290569
127101
119118
38189
77415
149139
93664
127254
164662
87167
231118
66701
96595
78131
298909
132167
192195
115795
246905
264167
287652
166472
202785
276310
183076
76176
58846
257916
39071
298837
160214
184093
100802
162376
125413
19630
151125
125384
83815
109484
108695
104663
95087
55453
230618
6711
74930
127610
290959
138320
206897
271273
148760
10291
7650
168314
262008
151088
299098
174648
263458
177577
75758
206112
253693
242884
289531
286001
136367
86678
216372
39026
282606
237883
298505
205286
183912
155260
69390
60614
210112
173561
293814
855
127997
105195
201639
221323
174072
145200
95348
92009
73248
245922
270869
146310
56409
85783
8036
100901
219064
119519
264447
123217
227422
66055
7423
169116
260996
148985
209543
198228
251473
157691
111678
280689
170043
215669
244418
69781
275891
55555
257959
57075
67391
129964
31347
16510
289686
154577
2497
146738
34717
61432
226656
131938
87811
20224
163309
285976
140020
210920
41028
120353
30378
59784
92111
108789
21983
34780
130797
185089
297261
286436
56720
205654
192234
283118
260351
266122
270008
131168
244354
53375
11387
43975
155751
286396
159184
72857
105678
109496
269144
296209
247255
163595
254543
232521
33694
164737
214574
115892
155784
62950
61391
124402
120269
287026
213426
113044
35796
277552
143443
158160
6706
253967
83176
124182
79916
217587
56086
123861
218194
101555
163662
127592
210673
288096
276691
33764
227361
42360
110069
98600
80409
205057
282663
214690
51697
277927
292211
90603
244592
100792
232641
191919
88261
245298
188277
243883
185351
203971
12422
22124
20429
130856
198818
267573
25926
113920
175233
102094
665
114865
138910
92237
213562
84226
17306
292772
70457
141959
79892
84534
152981
101677
101798
208631
39280
211083
202650
243267
227828
238867
99290
245145
91257
65554
80948
124294
150627
166894
141992
83756
261977
63596
110969
200995
124072
207382
192518
119101
211081
173478
19319
151399
49110
289358
159630
96771
205231
257560
163696
264649
127801
7994
93472
200639
263059
149056
113685
54166
195246
297495
33061
160026
45075
99199
177440
278369
162270
29947
120181
210095
147217
118659
355
193991
237751
285710
189271
70760
99758
203329
169046
98688
230669
57123
261934
5396
57662
67004
124995
75074
218408
200449
50126
89086
155289
155493
52366
191133
256010
71915
50568
41118
180068
269734
49276
48581
62745
202617
54646
98338
123253
4750
60774
114332
257284
194451
283135
185620
78753
251411
229697
195909
134090
287314
114812
250732
71256
149314
223110
80228
270636
170649
199628
143499
58895
148787
26972
253836
81750
223803
226063
201754
136793
124607
58570
67027
163592
270458
118845
108551
288808
269430
144775
32611
57694
293763
77834
12166
14132
123762
186588
143514
170935
82151
169093
37894
131899
205996
279854
278878
153706
122135
156585
139524
150430
273570
20003
178720
49847
101275
199926
295490
40248
287788
137397
107679
31330
123515
46252
49492
157580
31996
278249
235511
112235
283283
8013
155105
245558
245373
64060
10650
26542
77012
59832
183246
223466
272469
85458
50910
176484
15954
269243
217637
18925
299638
73279
250815
116510
118993
251611
112705
221044
137844
197743
110713
243768
71347
189376
222417
222801
24185
225640
272998
81317
235937
50349
278866
18994
231203
92810
98060
89941
206745
290115
290437
287021
41204
147316
246816
126544
267601
35766
90352
7962
259141
9487
165179
82611
51221
75305
146496
190529
208854
283708
244900
146525
3617
225664
158530
253178
243199
10242
80520
66849
44592
143313
69423
82387
42535
51235
265152
27053
85212
34190
247773
9527
154654
192557
275354
195516
18847
94286
205214
195309
110910
92484
207572
218718
71486
161689
127897
262971
194598
71976
259696
60159
260060
171110
221444
47763
47938
111135
4119
127658
15960
179917
244055
12787
148282
38465
287142
77312
73226
11395
140449
4973
58282
121896
280623
26608
50982
149872
35468
144767
18684
174445
256424
122799
261759
88719
198424
279362
152124
259632
256169
256862
127251
124577
3817
216016
179436
68520
66254
13053
175078
49834
433
169875
87254
69299
78112
63658
40115
12456
65490
44217
237510
251140
189507
85609
268863
227636
28725
245582
264588
164554
250546
138768
166377
13656
219245
67554
93279
263558
65479
69358
70726
154786
166356
238065
230170
191391
149552
213780
67303
249560
48320
97374
228921
124393
198283
297354
91371
142917
151333
176168
48228
17798
262018
53917
229690
132851
82351
51169
5767
284867
19139
121566
77748
91169
269551
285505
15019
66497
165444
265519
144429
23223
291043
133478
170129
99061
96957
154599
27206
115697
170244
293386
169146
84886
118058
18660
49400
14301
189126
83755
206390
292265
197503
213903
13658
252682
11772
36459
274814
276410
120652
224967
169639
61231
78787
169057
83317
184295
257211
142706
71330
59807
151761
95980
223543
183883
221896
185661
127306
65988
224669
227736
93758
15165
150282
51698
11467
10006
291241
198236
164553
71664
284102
280396
148577
90541
251179
32674
263842
16924
5430
92288
200056
169957
57414
144645
92332
121665
259776
55176
139951
224235
246333
41802
236826
205513
262728
75662
9378
260804
283602
150167
78098
157787
36924
64904
75809
36028
259509
152142
146977
131823
276662
39474
72260
280318
257419
139780
113412
34948
12802
28328
165395
239339
31022
210802
63404
44
202559
111702
44279
216010
282943
107033
90650
53376
101212
76809
40323
182589
264326
168528
291263
149193
225601
225075
288382
166052
10886
245319
157091
98879
167995
122056
35923
55596
36206
103176
268751
48795
201791
286594
265372
117655
8245
128322
287791
30015
246923
10127
146807
90890
128431
149371
293643
50089
3295
219010
266651
285652
153783
128396
197440
187111
97314
110375
216045
263846
292428
289648
13744
216612
265372
178606
27555
191592
193368
44159
272473
119466
163866
3536
229842
167622
73127
139990
75826
195093
118775
110705
48285
31225
263640
148953
155973
46648
167560
54336
74714
185935
214574
240162
11229
47209
20066
96506
56383
74628
53197
7358
125979
167393
130297
212256
35026
154007
104643
87416
141510
1145
264610
91117
141073
64137
245413
71065
185647
289195
124051
59961
126147
36432
1220
249767
46827
38048
176818
189984
193266
121195
187719
35237
153428
172770
73425
176446
115051
178538
6607
266886
178214
173118
204986
282465
258079
845
18396
86913
196489
51139
214131
34021
251680
114164
190595
153351
269096
109459
77636
244405
41970
154617
263582
251061
284902
200995
45316
277962
270951
187092
262298
40647
145835
141819
210881
67711
293485
99305
159250
261329
55782
88729
148005
22520
152295
163238
282012
27848
143545
42129
142175
220904
5196
291596
166718
41242
23745
199421
20540
226328
200088
278663
40712
33593
150170
78075
131930
282624
180141
146193
191103
47626
156341
211857
89344
45324
20420
252719
16330
89743
186060
52916
161390
206523
37617
225622
139534
20447
155113
137478
268879
15691
198859
11183
221636
140420
201962
294999
136459
43086
186069
52744
87947
257290
212878
245986
162011
225981
90625
216059
17174
237013
196728
246704
91555
240525
177069
130871
271814
115133
199333
33148
251039
35881
176521
131959
285124
56834
245813
127884
157954
195334
59287
171407
126478
83718
179888
80254
221758
181950
214699
49836
147308
239198
249243
192176
89181
299032
34829
70180
65224
222630
132083
296944
76615
86474
150647
224937
286527
234272
80157
46100
254540
185484
100926
205822
210035
208541
178456
275469
4297
75077
234069
76016
25382
42669
99291
162969
84403
143794
184663
152360
226238
118265
12421
181536
82526
271148
7100
139769
222487
151605
171963
134083
226936
77263
178893
192133
258111
276031
220037
238630
132151
153510
197521
209847
253895
253254
28056
2292
151628
66014
66868
165349
139652
280856
88772
112428
176627
276526
252996
60842
129234
47139
83343
16093
217711
155367
253540
23629
272375
216760
180082
262613
278478
245793
166997
285057
133087
51296
291207
243935
292734
33917
95711
167383
14611
289483
148940
45860
165329
6244
231630
101456
162037
153201
113172
141102
47249
150467
48678
150967
245280
81804
124044
195548
202688
175904
185194
122504
15337
133859
270567
152248
243580
87000
44170
225720
207390
27769
59037
236622
159702
20683
175073
96551
50641
46073
150900
78932
107098
164407
84417
284177
280855
226099
57827
183919
260960
18770
163730
152224
237664
229109
26153
183771
48842
79336