149706
73431
140599
73231
185581
264228
29420
272723
116244
104375
9702
252898
57128
131379
81775
14031
108485
112680
66104
140680
233069
190482
258794
253581
167952
81483
167670
128553
274180
236993
11179
227210
23888
10576
111018
77893
263440
230815
157303
191260
86863
142599
111340
161361
48971
260750
13381
8579
153604
142934
230367
50774
252577
285527
28460
104206
48464
176113
281030
91749
158332
131179
10657
99891
175941
187639
96170
199683
253761
172108
106766
153556
232235
261291
239146
3670
237380
231813
251634
27602
238231
224902
284698
72687
82826
223115
254197
78742
52626
54807
104261
69224
225325
106051
73999
134960
260919
293083
77990
7050
245797
93194
82244
232636
291029
141655
228673
67025
51626
131861
167503
108743
131667
43575
167651
94695
49708
16424
122330
24969
120862
251524
101558
136158
299793
156340
167414
55468
215544
284772
228585
257005
80005
167133
41265
86932
72118
64587
57191
161316
171322
99710
90114
244362
34939
177500
207947
63425
166411
254965
28703
196916
105155
62735
155982
128223
126820
139080
189876
119286
199100
271888
249295
99612
284755
106279
289932
172976
73394
29952
107816
107804
236192
21679
22360
205308
188997
154862
240506
43961
95555
13341
166153
43924
66550
292282
212513
90971
250491
122878
24962
289911
182162
258382
201412
197273
282745
123941
155450
164456
249754
246765
78999
84251
114756
221793
273039
275380
195922
59678
231321
269510
103290
87420
50826
97536
73140
64350
58008
126225
124428
283404
188186
60949
21846
242429
138950
157979
227315
75752
91650
285134
110168
92142
76532
149544
204186
111606
240108
272247
167152
94145
42165
21375
200924
230416
128481
15455
65136
291533
164053
208264
67344
173436
148616
147419
246708
175077
204838
52950
229342
73218
68163
95378
108849
137446
200634
280153
250567
114731
217100
74746
16548
48168
78903
247738
137449
218914
214605
251962
254887
224470
236492
212190
133407
212212
256751
48955
220829
260030
257480
195932
83392
224259
299610
145043
54019
164521
194064
77355
19340
103102
195232
7024
32783
31941
231404
62978
200960
52987
144792
60245
121342
100771
265111
32896
10113
99075
152576
260782
78346
173471
39199
85268
289472
221377
31589
2495
119325
76412
4292
276268
116478
105632
6624
6843
228668
228105
98355
148560
182092
125719
114392
264379
80123
122006
253174
97354
150388
166605
136593
274177
45182
105414
202580
193354
128448
109179
185339
175166
116244
189789
78725
114702
214038
59309
177627
114082
277348
28859
85340
72935
247058
21469
131007
290782
232434
129819
146639
155558
207476
64913
80964
92992
183426
82008
98070
111692
139861
192737
239918
108076
197918
45672
162395
85885
192810
2303
152425
274926
15877
32214
212876
209482
197038
81895
210316
151867
282727
48348
161794
235518
237054
190269
44695
73992
112358
170118
4231
270756
93735
9498
143534
84049
282921
34718
49066
209313
139090
194584
49561
276207
221017
84516
84029
206057
224229
171777
192680
177987
35243
135845
168924
293901
294473
33517
6231
276493
82196
34567
81324
100478
127876
209720
34214
86490
38109
78036
20436
38060
267100
175519
287477
298184
16163
191769
286601
155160
240790
144549
181837
278900
294812
36236
160025
91871
283311
126341
11431
144377
120064
213894
120889
287771
21866
263630
164075
243147
135588
237184
4586
83883
217999
108380
194672
25270
259397
244987
13720
233402
150911
257112
191024
214464
213675
183009
78325
140463
53585
148119
286207
289218
196169
147954
257936
85840
132722
33374
196448
294495
89196
119115
211191
165855
50956
215396
200247
201723
259119
251468
287276
222029
226793
147222
168261
272693
55265
85864
231257
269229
200562
89213
45683
100284
128968
39024
61559
278836
53386
109491
186997
104267
160007
233281
37740
48832
219330
119713
189185
108451
14983
73391
157738
157986
247638
69051
89115
12069
144922
101074
259393
126201
278038
76237
3947
292938
208188
200978
130793
246214
50629
126179
90403
197596
222708
48314
78905
48180
117625
208128
196479
26898
1516
238386
5615
12427
249353
253228
171486
221799
101487
76852
132882
225900
85038
206111
178475
241324
159257
2885
295830
109967
248771
52096
154758
68766
191470
82024
23724
50613
149794
203411
73802
213663
128947
72315
112736
9130
101235
71535
260234
57022
292302
98122
41430
233775
273273
238793
185006
110520
298496
250435
162063
104322
229867
227185
161236
154312
131804
229135
42814
284541
284451
249765
231146
61837
165654
178150
104975
261593
113732
222927
209657
22520
274447
70585
271275
30612
146509
7543
197865
85035
297553
64865
243315
35002
5174
220278
3708
299521
189204
271503
36872
27656
172467
276608
283045
10275
160610
129947
87382
221268
160468
271567
205408
40178
219588
243844
189458
139400
207982
67250
289475
93091
289197
140809
275115
131918
269831
233637
121875
53077
237869
190037
151279
6015
232276
151701
73019
220431
101012
270774
191945
70945
73372
256726
128828
210685
58573
203313
60098
133321
111411
158580
120644
13599
202142
61629
171999
173763
205657
7501
40503
299605
76748
99362
134355
148218
238266
240879
269927
195540
277899
93076
38051
170970
26108
166553
150620
23864
50397
136632
254694
88501
293586
81145
205871
129232
69699
127898
283185
41536
297929
86601
115359
49123
164865
219942
234653
116204
252271
68487
93284
156438
19214
262916
153157
173553
153064
8624
43731
200582
180798
166332
63338
79239
69232
104726
41
52401
293272
124296
33755
74417
9688
43523
270748
269116
48475
13111
244560
257761
82516
205725
16523
146523
288900
156611
288043
175133
223128
83021
11199
70969
91627
58104
21846
84192
67875
8142
200644
249102
146227
61387
234817
58457
208369
96300
24106
262455
177851
120586
15837
20605
5761
18399
213933
250449
174769
279334
6755
251507
59274
51424
24197
114264
290457
282674
192795
85688
205523
104164
75059
15637
220514
226105
221289
227802
69849
12652
45066
152340
239030
221456
46091
34544
248161
117780
51555
196022
162505
37048
215781
151683
145503
132429
162379
152869
149129
68946
92059
298877
106383
71172
158208
113357
186247
163492
252698
95720
282767
33871
216932
90284
74350
247566
17349
147835
37760
164243
275497
94039
3275
153596
154145
129495
6333
263129
30422
256508
201531
180520
193843
104703
227787
135503
22862
241988
200963
114644
191716
161629
279534
96457
221307
122605
35369
42418
73877
194401
292509
39318
88088
78040
170891
166751
283116
246250
92381
133482
40958
266545
210553
168963
21561
36429
59718
273403
216975
124021
124782
25654
39801
137629
119711
180620
46851
192196
135171
115957
102297
267646
111525
136378
164398
49350
30968
184458
73650
241385
92481
84281
145239
7077
142765
212064
153180
194205
192788
126322
41154
283282
104482
159810
17259
213286
220118
118784
187874
26486
50434
194030
48536
74937
226731
290643
243414
180809
3869
83232
127605
253256
175332
36483
91880
31764
235691
150443
278576
235842
242526
43717
118947
209373
296685
184132
63151
56566
208822
171377
124104
242922
92125
7837
38366
61425
258607
258219
124387
68603
176043
39968
256644
217184
7826
195365
212789
71002
245355
162277
219115
280398
86946
91031
72110
226069
83354
107879
6951
100517
10553
52939
158464
116820
273547
102947
134390
233411
92207
265905
5581
122288
45780
132067
3083
151005
227800
153400
283736
105688
123287
170387
111588
169498
64227
5878
166572
57541
40401
42408
91523
165143
35586
57259
290088
102114
21962
281883
211372
130351
98079
13771
24616
21966
290797
216184
56456
290939
108723
151323
142373
225714
272979
261022
171211
243845
94424
226192
144402
195681
215660
65464
76240
183794
219944
231570
150477
274586
102845
122171
269807
280559
136264
132152
297784
140001
235726
72056
94629
107029
263383
118598
108762
207191
84001
227154
245312
255182
218999
258494
111340
63990
113351
161360
7445
241573
92685
16538
201377
293307
63521
202867
160805
74412
93705
247462
295051
11972
81811
22589
189559
153450
2158
70995
223853
258695
92580
109884
212617
150123
129730
121845
237749
297352
41526
131664
40997
269244
257096
288448
44663
273019
286764
121208
164882
27034
275655
181827
259555
125039
283136
204780
148537
58110
48014
131225
66148
278654
205802
7176
160646
245799
117302
28978
97971
60113
233072
148549
268270
260579
65555
128631
42295
169918
65401
117318
205391
109939
154462
73801
147333
297716
50726
179445
88452
55083
267533
199664
290523
103093
214360
277185
230289
49359
222943
216086
107512
214054
44490
106295
198082
75820
254298
82533
233020
22499
79608
214414
25294
119654
297742
160051
252832
63029
158028
144105
68456
222197
279311
17382
13271
210573
44334
48818
298588
295169
12656
86673
25884
51740
140798
240904
2179
235925
292309
64422
137136
250707
178122
255549
285242
254869
163349
183791
44695
169738
225647
91213
22597
97813
92971
282566
112582
203814
202154
50749
6044
35578
184556
196963
102835
4338
269403
41883
145151
113961
184795
168221
58386
183511
265226
279007
151801
258094
208295
256223
40609
179977
200863
47482
254649
189978
220292
292099
108766
185235
12211
36350
51186
7001
129303
294753
73450
36417
177796
196111
148066
245956
299576
91079
291734
239328
76140
14544
78971
53983
272133
221035
5187
207051
47637
188185
71093
206718
47609
289994
240191
280153
291374
164815
254416
44219
254238
242499
175477
240633
91369
106327
184135
20315
229379
262602
7102
265538
96126
201136
265716
170300
272295
232198
288495
197823
226003
155563
287365
257380
153050
30953
230996
201263
298394
272805
194312
69487
283287
61820
184919
263357
95176
206502
154579
16015
85603
73542
291632
39988
126540
84312
222798
223626
90376
79595
249819
65933
77187
59073
103826
186428
74050
56424
15683
199889
247222
201600
225292
198886
106359
275350
31552
178169
119714
232646
224361
52427
257111
134027
206154
166705
58846
208022
273878
140058
36998
269424
191020
116337
278210
283920
270912
41748
4008
243244
51544
253497
265191
227894
273516
217303
285309
169672
104934
131502
213497
12245
95425
95541
71190
55521
95712
199792
202819
96921
116086
256347
251457
250152
147281
239960
101328
267330
44459
219244
80915
101524
246375
249642
163378
235407
177989
99787
4118
214419
90801
6291
23383
293968
141237
160831
227930
44633
95813
52683
221617
91264
110164
278605
226381
26332
107421
23568
87843
99777
173911
210918
116021
242693
104154
239859
197928
132319
153004
275037
143220