[-2.         -1.91836735 -1.83673469 -1.75510204 -1.67346939 -1.59183673
 -1.51020408 -1.42857143 -1.34693878 -1.26530612 -1.18367347 -1.10204082
 -1.02040816 -0.93877551 -0.85714286 -0.7755102  -0.69387755 -0.6122449
 -0.53061224 -0.44897959 -0.36734694 -0.28571429 -0.20408163 -0.12244898
 -0.04081633  0.04081633  0.12244898  0.20408163  0.28571429  0.36734694
  0.44897959  0.53061224  0.6122449   0.69387755  0.7755102   0.85714286
  0.93877551  1.02040816  1.10204082  1.18367347  1.26530612  1.34693878
  1.42857143  1.51020408  1.59183673  1.67346939  1.75510204  1.83673469
  1.91836735  2.        ][0.00000000e+00 2.20606428e-65 2.12559756e-16 3.31454091e-07
 7.65564502e-04 4.11873155e-02 4.19018759e-01 9.15440074e-01
 9.97435009e-01 9.99995690e-01 1.00000000e+00 1.00000000e+00
 1.00000000e+00 1.00000000e+00 1.00000000e+00 9.99999995e-01
 9.99958298e-01 9.97831875e-01 9.83301494e-01 9.46741427e-01
 8.93145640e-01 8.34756817e-01 7.80489333e-01 7.33971690e-01
 6.95591494e-01 6.95591494e-01 7.33971690e-01 7.80489333e-01
 8.34756817e-01 8.93145640e-01 9.46741427e-01 9.83301494e-01
 9.97831875e-01 9.99958298e-01 9.99999995e-01 1.00000000e+00
 1.00000000e+00 1.00000000e+00 1.00000000e+00 1.00000000e+00
 9.99995690e-01 9.97435009e-01 9.15440074e-01 4.19018759e-01
 4.11873155e-02 7.65564502e-04 3.31454091e-07 2.12559756e-16
 2.20606428e-65 0.00000000e+00]