3[46]
0[11]
94[98]
22[33]
15[98]
33[40]
42[52]
1[28]
20[25]
5[20]
49[52]
51[73]
7[14]
70[84]
14[23]
17[57]
10[29]
17[52]
54[57]
29[41]
11[22]
18[32]
1[15]
33[73]
2[41]
30[41]
6[7]
32[53]
30[114]
21[57]
1[4]
0[62]
31[41]
27[51]
17[76]
1[52]
9[76]
13[34]
1[20]
3[50]
10[33]
35[90]
33[81]
10[29]
0[44]
54[86]
60[87]
18[57]
12[44]
1[10]
48[56]
36[46]
29[38]
22[26]
13[17]
0[32]
1[45]
10[50]
36[53]
53[58]
0[22]
17[71]
30[63]
77[91]
17[27]
14[44]
25[48]
14[59]
21[59]
94[97]
6[40]
33[45]
17[68]
5[11]
45[52]
15[18]
13[31]
29[37]
1[13]
0[60]
17[32]
14[44]
47[58]
1[27]
10[45]
2[59]
1[54]
18[29]
1[27]
33[47]
15[41]
0[7]
16[86]
17[28]
26[50]
49[52]
7[38]
54[72]
78[100]
0[25]
