17 19 46 1 
5 2 11 1 
27 24 98 1 
5 22 33 1 
25 24 98 1 
17 5 40 1 
28 1 52 1 
5 11 28 1 
15 1 25 1 
10 5 20 1 
34 4 52 1 
34 7 73 1 
10 2 14 1 
28 16 84 1 
10 6 23 1 
30 22 57 1 
4 24 29 1 
33 15 52 1 
32 3 57 1 
26 5 41 1 
10 2 22 1 
3 20 32 1 
6 2 15 1 
26 12 73 1 
4 20 41 1 
16 13 41 1 
3 1 7 1 
16 16 53 1 
35 24 114 1 
26 22 57 1 
1 2 4 1 
31 13 62 1 
7 24 41 1 
12 17 51 1 
30 15 76 1 
17 11 52 1 
30 19 76 1 
26 2 34 1 
1 14 20 1 
17 13 50 1 
14 4 33 1 
30 22 90 1 
33 17 81 1 
17 7 29 1 
11 13 44 1 
28 16 86 1 
24 25 87 1 
17 14 57 1 
31 7 44 1 
6 1 10 1 
24 7 56 1 
31 1 46 1 
5 22 38 1 
4 15 26 1 
3 10 17 1 
15 3 32 1 
16 13 45 1 
19 6 50 1 
21 9 53 1 
21 12 58 1 
16 4 22 1 
24 25 71 1 
18 18 63 1 
35 14 91 1 
12 6 27 1 
3 20 44 1 
25 9 48 1 
32 15 59 1 
22 12 59 1 
24 25 97 1 
11 22 40 1 
9 20 45 1 
17 17 68 1 
5 3 11 1 
21 7 52 1 
14 1 18 1 
17 7 31 1 
23 13 37 1 
1 9 13 1 
20 23 60 1 
14 5 32 1 
3 22 44 1 
18 17 58 1 
1 22 27 1 
10 19 45 1 
15 25 59 1 
22 9 54 1 
10 17 29 1 
14 6 27 1 
29 4 47 1 
9 22 41 1 
3 2 7 1 
32 25 86 1 
9 16 28 1 
11 17 50 1 
10 24 52 1 
26 6 38 1 
27 12 72 1 
35 16 100 1 
4 10 25 1 
