17 19 46 3 
5 2 11 3 
27 24 98 3 
5 22 33 3 
25 24 98 3 
17 5 40 3 
28 1 52 3 
5 11 28 3 
15 1 25 3 
10 5 20 3 
34 4 52 3 
34 7 73 3 
10 2 14 3 
28 16 84 3 
10 6 23 3 
30 22 57 3 
4 24 29 3 
33 15 52 3 
32 3 57 3 
26 5 41 3 
10 2 22 3 
3 20 32 3 
6 2 15 3 
26 12 73 3 
4 20 41 3 
16 13 41 3 
3 1 7 3 
16 16 53 3 
35 24 114 3 
26 22 57 3 
1 2 4 3 
31 13 62 3 
7 24 41 3 
12 17 51 3 
30 15 76 3 
17 11 52 3 
30 19 76 3 
26 2 34 3 
1 14 20 3 
17 13 50 3 
14 4 33 3 
30 22 90 3 
33 17 81 3 
17 7 29 3 
11 13 44 3 
28 16 86 3 
24 25 87 3 
17 14 57 3 
31 7 44 3 
6 1 10 3 
24 7 56 3 
31 1 46 3 
5 22 38 3 
4 15 26 3 
3 10 17 3 
15 3 32 3 
16 13 45 3 
19 6 50 3 
21 9 53 3 
21 12 58 3 
16 4 22 3 
24 25 71 3 
18 18 63 3 
35 14 91 3 
12 6 27 3 
3 20 44 3 
25 9 48 3 
32 15 59 3 
22 12 59 3 
24 25 97 3 
11 22 40 3 
9 20 45 3 
17 17 68 3 
5 3 11 3 
21 7 52 3 
14 1 18 3 
17 7 31 3 
23 13 37 3 
1 9 13 3 
20 23 60 3 
14 5 32 3 
3 22 44 3 
18 17 58 3 
1 22 27 3 
10 19 45 3 
15 25 59 3 
22 9 54 3 
10 17 29 3 
14 6 27 3 
29 4 47 3 
9 22 41 3 
3 2 7 3 
32 25 86 3 
9 16 28 3 
11 17 50 3 
10 24 52 3 
26 6 38 3 
27 12 72 3 
35 16 100 3 
4 10 25 3 
