17 19 46 2 
5 2 11 2 
27 24 98 2 
5 22 33 2 
25 24 98 2 
17 5 40 2 
28 1 52 2 
5 11 28 2 
15 1 25 2 
10 5 20 2 
34 4 52 2 
34 7 73 2 
10 2 14 2 
28 16 84 2 
10 6 23 2 
30 22 57 2 
4 24 29 2 
33 15 52 2 
32 3 57 2 
26 5 41 2 
10 2 22 2 
3 20 32 2 
6 2 15 2 
26 12 73 2 
4 20 41 2 
16 13 41 2 
3 1 7 2 
16 16 53 2 
35 24 114 2 
26 22 57 2 
1 2 4 2 
31 13 62 2 
7 24 41 2 
12 17 51 2 
30 15 76 2 
17 11 52 2 
30 19 76 2 
26 2 34 2 
1 14 20 2 
17 13 50 2 
14 4 33 2 
30 22 90 2 
33 17 81 2 
17 7 29 2 
11 13 44 2 
28 16 86 2 
24 25 87 2 
17 14 57 2 
31 7 44 2 
6 1 10 2 
24 7 56 2 
31 1 46 2 
5 22 38 2 
4 15 26 2 
3 10 17 2 
15 3 32 2 
16 13 45 2 
19 6 50 2 
21 9 53 2 
21 12 58 2 
16 4 22 2 
24 25 71 2 
18 18 63 2 
35 14 91 2 
12 6 27 2 
3 20 44 2 
25 9 48 2 
32 15 59 2 
22 12 59 2 
24 25 97 2 
11 22 40 2 
9 20 45 2 
17 17 68 2 
5 3 11 2 
21 7 52 2 
14 1 18 2 
17 7 31 2 
23 13 37 2 
1 9 13 2 
20 23 60 2 
14 5 32 2 
3 22 44 2 
18 17 58 2 
1 22 27 2 
10 19 45 2 
15 25 59 2 
22 9 54 2 
10 17 29 2 
14 6 27 2 
29 4 47 2 
9 22 41 2 
3 2 7 2 
32 25 86 2 
9 16 28 2 
11 17 50 2 
10 24 52 2 
26 6 38 2 
27 12 72 2 
35 16 100 2 
4 10 25 2 
